{
 "cells": [
  {
   "cell_type": "markdown",
   "id": "e22cc624",
   "metadata": {},
   "source": [
    "2. If B is rotated 90 degrees about the first axis relative to N, and R is rotated -90 degrees about the second axis relative to N, what is the [BR] DCM?"
   ]
  },
  {
   "cell_type": "code",
   "execution_count": null,
   "id": "fa29780d",
   "metadata": {},
   "outputs": [
    {
     "name": "stdout",
     "output_type": "stream",
     "text": [
      "BN =\n",
      " [[ 1.000000e+00  0.000000e+00  0.000000e+00]\n",
      " [ 0.000000e+00  6.123234e-17  1.000000e+00]\n",
      " [ 0.000000e+00 -1.000000e+00  6.123234e-17]]\n",
      "\n",
      "RN =\n",
      " [[ 6.123234e-17  0.000000e+00  1.000000e+00]\n",
      " [ 0.000000e+00  1.000000e+00  0.000000e+00]\n",
      " [-1.000000e+00  0.000000e+00  6.123234e-17]]\n",
      "\n",
      "BR =\n",
      " [[ 6.12323400e-17  0.00000000e+00 -1.00000000e+00]\n",
      " [ 1.00000000e+00  6.12323400e-17  6.12323400e-17]\n",
      " [ 6.12323400e-17 -1.00000000e+00  3.74939946e-33]]\n"
     ]
    }
   ],
   "source": [
    "import numpy as np\n",
    "\n",
    "# Standard Rotation Matrix for first axis rotation\n",
    "def R1(theta):\n",
    "    c, s = np.cos(theta), np.sin(theta)\n",
    "    return np.array([\n",
    "        [1, 0, 0],\n",
    "        [0, c, s],\n",
    "        [0, -s, c]\n",
    "    ])\n",
    "# Standard Rotation Matrix for first axis rotation\n",
    "def R2(theta):\n",
    "    c, s = np.cos(theta), np.sin(theta)\n",
    "    return np.array([\n",
    "        [c, 0, -s],\n",
    "        [0, 1, 0],\n",
    "        [s, 0, c]\n",
    "    ])\n",
    "\n",
    "# Convert degrees to radians\n",
    "deg = np.pi / 180\n",
    "\n",
    "# Given rotations\n",
    "BN = R1(90 * deg)       # B rotated +90° about axis 1 relative to N\n",
    "RN = R2(-90 * deg)      # R rotated -90° about axis 2 relative to N\n",
    "\n",
    "# [BR] = [BN] * [NR] = [BN] * [RN]^T\n",
    "BR = BN @ RN.T\n",
    "\n",
    "print(\"BN =\\n\", BN)\n",
    "print(\"\\nRN =\\n\", RN)\n",
    "print(\"\\nBR =\\n\", BR)"
   ]
  },
  {
   "cell_type": "markdown",
   "id": "3ec8a713",
   "metadata": {},
   "source": [
    "3. Given three reference frames N, B, and F, let the unit base vectors of the coordinate frames B and F be expressed in the N-frame as follows:\n",
    "\n",
    "$$\n",
    "\\hat{b}_1 = \\dfrac{1}{3}\n",
    "\\begin{pmatrix}\n",
    "1 \\\\ 2 \\\\ -2\n",
    "\\end{pmatrix},\n",
    "\\qquad\n",
    "\\hat{b}_2 = \\dfrac{1}{\\sqrt{2}}\n",
    "\\begin{pmatrix}\n",
    "0 \\\\ 1 \\\\ 1\n",
    "\\end{pmatrix},\n",
    "\\qquad\n",
    "\\hat{b}_3 = \\dfrac{1}{3\\sqrt{2}}\n",
    "\\begin{pmatrix}\n",
    "4 \\\\ -1 \\\\ 1\n",
    "\\end{pmatrix}\n",
    "$$\n",
    "\n",
    "$$\n",
    "\\hat{f}_1 = \\dfrac{1}{4}\n",
    "\\begin{pmatrix}\n",
    "3 \\\\ -2 \\\\ \\sqrt{3}\n",
    "\\end{pmatrix},\n",
    "\\qquad\n",
    "\\hat{f}_2 = \\dfrac{1}{2}\n",
    "\\begin{pmatrix}\n",
    "-1 \\\\ 0 \\\\ \\sqrt{3}\n",
    "\\end{pmatrix},\n",
    "\\qquad\n",
    "\\hat{f}_3 = -\\dfrac{1}{4}\n",
    "\\begin{pmatrix}\n",
    "\\sqrt{3} \\\\ 2\\sqrt{3} \\\\ 1\n",
    "\\end{pmatrix}\n",
    "$$\n",
    "\n",
    "**Determine the direction cosine matrix [BF]**"
   ]
  },
  {
   "cell_type": "code",
   "execution_count": 33,
   "id": "09a68d34",
   "metadata": {},
   "outputs": [
    {
     "name": "stdout",
     "output_type": "stream",
     "text": [
      "NB =\n",
      " [[ 0.33333333  0.          0.94280904]\n",
      " [ 0.66666667  0.70710678 -0.23570226]\n",
      " [-0.66666667  0.70710678  0.23570226]]\n",
      "\n",
      "NF =\n",
      " [[ 0.75      -0.5       -0.4330127]\n",
      " [-0.5        0.        -0.8660254]\n",
      " [ 0.4330127  0.8660254 -0.25     ]]\n",
      "\n",
      "BF =\n",
      " [[-0.37200847 -0.74401694 -0.55502117]\n",
      " [-0.04736717  0.61237244 -0.78914913]\n",
      " [ 0.92701998 -0.26728038 -0.26304971]]\n",
      "\n",
      "BF * BF^T =\n",
      " [[ 1.00000000e+00  2.40004049e-17  1.62338973e-17]\n",
      " [ 2.40004049e-17  1.00000000e+00 -3.79364915e-17]\n",
      " [ 1.62338973e-17 -3.79364915e-17  1.00000000e+00]]\n",
      "\n",
      "det(BF) = 0.9999999999999999\n"
     ]
    }
   ],
   "source": [
    "import numpy as np\n",
    "\n",
    "# Define B-frame basis vectors in N-frame\n",
    "b1 = (1/3) * np.array([1, 2, -2])\n",
    "b2 = (1/np.sqrt(2)) * np.array([0, 1, 1])\n",
    "b3 = (1/(3*np.sqrt(2))) * np.array([4, -1, 1])\n",
    "\n",
    "NB = np.column_stack((b1, b2, b3))   # [NB], columns = b_i in N\n",
    "print(\"NB =\\n\", NB)\n",
    "\n",
    "# Define F-frame basis vectors in N-frame\n",
    "f1 = (1/4) * np.array([3, -2, np.sqrt(3)])\n",
    "f2 = (1/2) * np.array([-1, 0, np.sqrt(3)])\n",
    "f3 = (-1/4) * np.array([np.sqrt(3), 2*np.sqrt(3), 1])\n",
    "\n",
    "NF = np.column_stack((f1, f2, f3))\n",
    "print(\"\\nNF =\\n\", NF)\n",
    "\n",
    "# [BF] = [NB]^T * [NF]\n",
    "BF = NB.T @ NF     \n",
    "print(\"\\nBF =\\n\", BF)\n",
    "\n",
    "# Verify orthogonality\n",
    "print(\"\\nBF * BF^T =\\n\", BF @ BF.T)\n",
    "print(\"\\ndet(BF) =\", np.linalg.det(BF))"
   ]
  },
  {
   "cell_type": "markdown",
   "id": "4733dfbe",
   "metadata": {},
   "source": [
    "4. Given three reference frames N, B, and F, let the unit base vectors of the coordinate frames B and F be expressed in the N-frame as follows:\n",
    "\n",
    "$$\n",
    "\\hat{b}_1 = \\dfrac{1}{3}\n",
    "\\begin{pmatrix}\n",
    "1 \\\\ 2 \\\\ -2\n",
    "\\end{pmatrix},\n",
    "\\qquad\n",
    "\\hat{b}_2 = \\dfrac{1}{\\sqrt{2}}\n",
    "\\begin{pmatrix}\n",
    "0 \\\\ 1 \\\\ 1\n",
    "\\end{pmatrix},\n",
    "\\qquad\n",
    "\\hat{b}_3 = \\dfrac{1}{3\\sqrt{2}}\n",
    "\\begin{pmatrix}\n",
    "4 \\\\ -1 \\\\ 1\n",
    "\\end{pmatrix}\n",
    "$$\n",
    "\n",
    "$$\n",
    "\\hat{f}_1 = \\dfrac{1}{4}\n",
    "\\begin{pmatrix}\n",
    "3 \\\\ -2 \\\\ \\sqrt{3}\n",
    "\\end{pmatrix},\n",
    "\\qquad\n",
    "\\hat{f}_2 = \\dfrac{1}{2}\n",
    "\\begin{pmatrix}\n",
    "-1 \\\\ 0 \\\\ \\sqrt{3}\n",
    "\\end{pmatrix},\n",
    "\\qquad\n",
    "\\hat{f}_3 = -\\dfrac{1}{4}\n",
    "\\begin{pmatrix}\n",
    "\\sqrt{3} \\\\ 2\\sqrt{3} \\\\ 1\n",
    "\\end{pmatrix}\n",
    "$$\n",
    "\n",
    "**Determine the direction cosine matrix [BN]**"
   ]
  },
  {
   "cell_type": "code",
   "execution_count": 34,
   "id": "5f4b1cae",
   "metadata": {},
   "outputs": [
    {
     "name": "stdout",
     "output_type": "stream",
     "text": [
      "\n",
      "BN =\n",
      " [[ 0.33333333  0.66666667 -0.66666667]\n",
      " [ 0.          0.70710678  0.70710678]\n",
      " [ 0.94280904 -0.23570226  0.23570226]]\n"
     ]
    }
   ],
   "source": [
    "BN = NB.T\n",
    "print(\"\\nBN =\\n\", BN)\n"
   ]
  }
 ],
 "metadata": {
  "kernelspec": {
   "display_name": "Python 3",
   "language": "python",
   "name": "python3"
  },
  "language_info": {
   "codemirror_mode": {
    "name": "ipython",
    "version": 3
   },
   "file_extension": ".py",
   "mimetype": "text/x-python",
   "name": "python",
   "nbconvert_exporter": "python",
   "pygments_lexer": "ipython3",
   "version": "3.10.11"
  }
 },
 "nbformat": 4,
 "nbformat_minor": 5
}
