{
 "cells": [
  {
   "cell_type": "markdown",
   "id": "eb5d95ec",
   "metadata": {},
   "source": [
    "# Euler Parameter Addition\n",
    "\n",
    "Given the following unit quaternions:\n",
    "\n",
    "- $\\beta_{B/N} = (0.774597, 0.258199, 0.516398, 0.258199)$  \n",
    "  (attitude of B relative to N)\n",
    "\n",
    "- $\\beta_{F/B} = (0.359211, 0.898027, 0.179605, 0.179605)$  \n",
    "  (attitude of F relative to B)\n",
    "\n",
    "Find the Euler parameter set $\\beta_{F/N}$ that corresponds to the short rotation."
   ]
  },
  {
   "cell_type": "code",
   "execution_count": 24,
   "id": "7e350c95",
   "metadata": {},
   "outputs": [
    {
     "name": "stdout",
     "output_type": "stream",
     "text": [
      "[B]=\n",
      "[[ 0.0927474 ]\n",
      " [-0.83473077]\n",
      " [-0.51011318]\n",
      " [ 0.1854961 ]]\n",
      "\n",
      "Verification: [B'']x[B'']^T =\n",
      "[[ 1.00000095e+00 -2.49515272e-17  7.24596720e-18  5.78634003e-19]\n",
      " [-2.49515272e-17  1.00000095e+00  7.24596720e-18  1.44564218e-17]\n",
      " [ 7.24596720e-18  7.24596720e-18  1.00000095e+00 -2.89375816e-17]\n",
      " [ 5.78634003e-19  1.44564218e-17 -2.89375816e-17  1.00000095e+00]]\n"
     ]
    }
   ],
   "source": [
    "import numpy as np\n",
    "# Problem's  input\n",
    "beta_d = np.array([0.774597, 0.258199, 0.516398, 0.258199]) # First rotation\n",
    "beta_dd = np.array([0.359211, 0.898027, 0.179605, 0.179605]) # Second rotation\n",
    "\n",
    "b0, b1, b2, b3 = beta_dd\n",
    "c0, c1, c2, c3 = beta_d\n",
    "\n",
    "# [B''] Matrix\n",
    "B_dd = np.array([[b0, -b1, -b2, -b3],\n",
    "                 [b1, b0, b3, -b2],\n",
    "                 [b2, -b3, b0, b1],\n",
    "                 [b3, b2, -b1, b0]])\n",
    "# [B'] Matrix\n",
    "B_d = np.array([[c0], [c1], [c2], [c3]])\n",
    "\n",
    "# Final orientation [B] = [B'']x[B']\n",
    "Beta = B_dd @ B_d\n",
    "\n",
    "if Beta[0,0] < 0:\n",
    "    Beta = -Beta # Transform to shortest rotation\n",
    "\n",
    "# Results\n",
    "print(f\"[B]=\\n{Beta}\")\n",
    "print(f\"\\nVerification: [B'']x[B'']^T =\\n{B_dd@B_dd.T}\")"
   ]
  },
  {
   "cell_type": "markdown",
   "id": "742cd7d5",
   "metadata": {},
   "source": [
    "# Euler Parameter Addition\n",
    "\n",
    "Given the following unit quaternions:\n",
    "\n",
    "- $\\beta_{F/N} = (0.359211, 0.898027, 0.179605, 0.179605)$  \n",
    "  (attitude of F relative to N)\n",
    "- $\\beta_{B/N} = (-0.377964, 0.755929, 0.377964, 0.377964)$  \n",
    "  (attitude of B relative to N)\n",
    "\n",
    "\n",
    "\n",
    "Find the Euler parameter set $\\beta_{F/B}$ that corresponds to the short rotation."
   ]
  },
  {
   "cell_type": "code",
   "execution_count": 25,
   "id": "3f1e872a",
   "metadata": {},
   "outputs": [
    {
     "name": "stdout",
     "output_type": "stream",
     "text": [
      "[B'']=\n",
      "[[ 0.678844]\n",
      " [-0.61096 ]\n",
      " [-0.407306]\n",
      " [ 0.      ]]\n",
      "Verification: [B']x[B']^T =\n",
      "[[ 9.99999009e-01 -2.83331077e-17  3.87756596e-17  5.77532063e-19]\n",
      " [-2.83331077e-17  9.99999009e-01  1.67354916e-17  5.49336192e-17]\n",
      " [ 3.87756596e-17  1.67354916e-17  9.99999009e-01 -1.67354916e-17]\n",
      " [ 5.77532063e-19  5.49336192e-17 -1.67354916e-17  9.99999009e-01]]\n"
     ]
    }
   ],
   "source": [
    "import numpy as np\n",
    "\n",
    "Beta = np.array([[0.359211],[0.898027], [0.179605], [0.179605]]) # Final orientation\n",
    "beta_d = np.array([-0.377964, 0.755929, 0.377964, 0.377964]) # First rotation\n",
    "\n",
    "c0, c1, c2, c3 = beta_d\n",
    "\n",
    "# [B'] Matrix\n",
    "Beta_d = np.array([[c0, -c1, -c2, -c3],\n",
    "                   [c1, c0, -c3, c2],\n",
    "                   [c2, c3, c0, -c1],\n",
    "                   [c3, -c2, c1, c0]])\n",
    "# [B''] = [B']^T @ [B]\n",
    "Beta_dd = Beta_d.T @ Beta\n",
    "\n",
    "if Beta_dd[0,0] < 0:\n",
    "    Beta_dd = -Beta_dd # Transform to shortest rotation\n",
    "\n",
    "# Results\n",
    "print(f\"[B'']=\\n{np.round(Beta_dd, decimals=6)}\")\n",
    "print(f\"Verification: [B']x[B']^T =\\n{Beta_d@Beta_d.T}\")"
   ]
  }
 ],
 "metadata": {
  "kernelspec": {
   "display_name": "Python 3",
   "language": "python",
   "name": "python3"
  },
  "language_info": {
   "codemirror_mode": {
    "name": "ipython",
    "version": 3
   },
   "file_extension": ".py",
   "mimetype": "text/x-python",
   "name": "python",
   "nbconvert_exporter": "python",
   "pygments_lexer": "ipython3",
   "version": "3.14.2"
  }
 },
 "nbformat": 4,
 "nbformat_minor": 5
}
